4294967279,45
4294967279,44
4294967279,43
4294967279,50
4294967279,49
4294967279,48
4294967279,47
4294967279,46
4294967279,61
4294967279,60
4294967279,59
4294967279,58
4294967279,57
4294967279,56
4294967279,55
4294967279,54
4294967279,53
4294967279,52
4294967279,51
4294967278,239
6,10
6,0
4294967278,233
4294967279,233
4294967279,230
4294967278,210
4294967279,211
4294967279,209
4294967279,183
4294967279,182
4294967278,365
4294967278,364
11,5
4294967278,160
11,4
11,3
11,2
11,1
4294967278,159
4294967294,389
4294967294,114
4294967279,68
4294967279,67
4294967279,66
4294967279,65
4294967279,64
4294967279,63
4294967279,62
4294967279,279
4294967278,276
4294967279,137
4294967278,136
4294967278,135
4294967279,75
4294967279,74
4294967279,73
4294967279,72
4294967279,71
4294967279,70
4294967279,69
4294967278,262
6,9
4294967278,258
4294967278,257
4294967279,227
4294967279,225
4294967278,221
4294967279,220
4294967279,219
4294967278,217
4294967279,216
4294967279,80
4294967279,79
4294967279,78
4294967279,77
4294967279,76
4294967279,261
4294967278,252
4294967279,251
4294967278,250
6,8
4294967278,237
4294967278,234
4294967279,235
4294967279,83
4294967279,82
4294967279,81
4294967278,154
4294967279,430
4294967279,429
4294967278,141
4294967278,140
4294967279,87
4294967279,86
4294967279,85
4294967279,84
4294967279,239
4294967278,363
4294967279,236
4294967279,234
4294967279,428
4294967279,231
4294967279,91
4294967279,90
4294967279,89
4294967278,144
4294967278,143
4294967279,92
4294967279,427
4294967279,426
4294967279,95
4294967279,94
4294967279,93
4294967278,150
4294967279,100
4294967279,99
4294967279,98
4294967279,97
4294967279,96
4294967279,267
4294967278,362
4294967279,286
4294967278,279
4294967279,265
4294967279,425
4294967279,256
4294967294,97
4294967294,104
4294967294,106
4294967279,101
4294967278,166
4294967279,104
4294967279,103
4294967279,102
6,7
6,6
4294967278,138
4294967279,136
4294967279,135
4294967279,109
4294967279,108
4294967279,107
4294967279,106
4294967279,105
4294967278,361
4294967279,424
4294967278,360
4294967278,359
4294967279,423
4294967279,254
4294967279,252
4294967279,250
4294967279,119
4294967279,118
4294967279,117
4294967279,116
4294967279,115
4294967279,114
4294967279,113
4294967279,112
4294967279,111
4294967279,110
4294967278,175
4294967279,422
4294967278,170
4294967279,421
4294967279,420
4294967278,358
4294967278,165
4294967279,419
4294967278,357
10,5
4294967278,164
4294967278,163
10,4
10,3
10,2
10,1
4294967279,418
4294967278,162
4294967294,474
4294967278,161
4294967294,1004
4294967294,1008
4294967294,441
4294967278,356
4294967294,42
4294967294,387
4294967278,158
4294967294,29
4294967294,1022
4294967294,393
4294967294,44
4294967278,355
4294967279,417
4294967278,155
4294967294,470
4294967278,354
4294967278,353
4294967279,416
4294967279,120
4294967278,352
4294967278,351
4294967279,415
4294967279,122
4294967279,121
4294967278,350
4294967279,124
4294967279,123
4294967279,414
4294967279,128
4294967279,127
4294967279,126
4294967279,125
4294967278,349
4294967279,413
4294967278,348
4294967279,131
4294967279,130
4294967279,129
4294967278,347
4294967278,346
4294967278,9
4294967278,8
4294967278,7
4294967278,6
4294967278,5
4294967278,4
4294967279,132
4294967279,412
4294967278,345
4294967279,139
4294967278,137
4294967279,278
4294967278,344
4294967279,277
4294967278,275
4294967279,276
4294967279,134
4294967278,274
4294967279,411
4294967279,410
4294967278,284
4294967278,281
4294967278,12
4294967278,11
4294967278,10
4294967279,409
4294967278,273
4294967278,343
4294967279,408
4294967278,283
4294967278,267
4294967279,407
4294967278,342
4294967279,288
4294967279,268
4294967279,406
4294967278,13
4294967279,266
4294967279,405
4294967279,264
4294967278,341
4294967278,15
4294967278,14
4294967278,340
4294967278,17
4294967278,16
4294967279,404
4294967278,339
4294967279,284
4294967279,259
4294967278,338
4294967279,281
4294967278,337
4294967279,403
4294967278,336
4294967278,18
4294967278,335
4294967279,402
4294967278,334
4294967279,401
4294967278,20
4294967278,19
4294967278,333
4294967278,332
4294967279,400
4294967278,21
4294967278,255
4294967279,399
4294967278,331
4294967278,24
4294967278,23
4294967278,22
4294967279,398
4294967278,330
4294967279,397
4294967278,329
4294967278,328
4294967278,251
4294967279,396
4294967278,249
4294967278,26
4294967278,25
4294967279,395
4294967278,247
4294967278,244
4294967278,28
4294967278,27
4294967278,242
4294967278,241
4294967278,31
4294967278,30
4294967278,29
4294967278,238
4294967279,394
4294967278,327
4294967278,236
4294967278,33
4294967278,32
4294967279,393
4294967278,235
4294967278,232
4294967278,36
4294967278,35
4294967278,34
4294967278,231
4294967278,229
4294967278,227
4294967278,225
4294967279,24
4294967279,23
4294967279,22
4294967278,223
4294967278,220
4294967278,219
4294967278,216
4294967278,215
4294967278,326
4294967279,19
4294967279,18
4294967278,325
4294967279,392
4294967278,211
4294967279,15
4294967279,14
4294967279,13
4294967279,11
4294967279,10
4294967279,391
4294967278,324
4294967279,390
4294967278,323
4294967279,389
